2000000;2;1.067;0.53349;0.116198;0.328974;0.166402
2000000;2;1.066;0.53318;0.115534;0.328012;0.165933
2000000;2;1.067;0.53365;0.115495;0.328256;0.166348
2000000;2;1.065;0.53260;0.115965;0.329014;0.166184
2000000;2;1.066;0.53285;0.115795;0.328633;0.166214

2000000;4;1.015;0.25372;0.206537;0.348651;0.078869
2000000;4;1.006;0.25149;0.208669;0.351705;0.078829
2000000;4;1.008;0.25207;0.209023;0.352149;0.079070
2000000;4;1.009;0.25235;0.209035;0.351247;0.078977
2000000;4;1.014;0.25339;0.207398;0.349653;0.079046

2000000;8;0.973;0.12165;0.256307;0.362149;0.037484
2000000;8;0.973;0.12165;0.254756;0.360932;0.037381
2000000;8;0.983;0.12285;0.251701;0.357405;0.037376
2000000;8;0.649;0.08118;0.455335;0.561325;0.037400
2000000;8;0.954;0.11927;0.262202;0.368485;0.037460

2000000;10;0.568;0.05682;0.542985;0.642121;0.029662
2000000;10;0.684;0.06840;0.431447;0.530725;0.029628
2000000;10;0.682;0.06819;0.431544;0.531099;0.029702
2000000;10;0.478;0.04783;0.676834;0.775902;0.029562
2000000;10;0.632;0.06318;0.473320;0.571818;0.029466

2000000;16;0.293;0.01831;1.226165;1.314939;0.018306
2000000;16;0.382;0.02386;0.904735;0.993342;0.018271
2000000;16;0.381;0.02384;0.865715;0.954812;0.018355
2000000;16;0.343;0.02147;0.992649;1.081427;0.018360
2000000;16;0.353;0.02205;0.958848;1.048254;0.018139

2000000;20;0.240;0.01198;1.447452;1.532216;0.014379
2000000;20;0.180;0.00902;1.987667;2.072399;0.014458
2000000;20;0.249;0.01243;1.421491;1.506187;0.014463
2000000;20;0.356;0.01780;0.983289;1.068145;0.014374
2000000;20;0.254;0.01272;1.366125;1.450227;0.014279

4000000;2;1.062;0.53099;0.244426;0.692199;0.350765
4000000;2;1.065;0.53229;0.242861;0.690612;0.351038
4000000;2;1.065;0.53256;0.242123;0.689302;0.350214
4000000;2;1.067;0.53354;0.242117;0.689149;0.351074
4000000;2;1.059;0.52944;0.245934;0.691759;0.349620

4000000;4;1.010;0.25243;0.437282;0.735469;0.167364
4000000;4;0.994;0.24847;0.446133;0.748259;0.167505
4000000;4;0.988;0.24705;0.451210;0.750755;0.166972
4000000;4;0.994;0.24849;0.447627;0.745257;0.166843
4000000;4;0.981;0.24527;0.457801;0.756658;0.166971

4000000;8;1.017;0.12715;0.501161;0.722732;0.079160
4000000;8;0.997;0.12461;0.516794;0.738709;0.079670
4000000;8;0.981;0.12267;0.526979;0.749692;0.079485
4000000;8;0.993;0.12415;0.520051;0.741499;0.079706
4000000;8;0.972;0.12144;0.536275;0.759183;0.079656

4000000;10;0.724;0.07243;0.829896;1.035524;0.062180
4000000;10;0.871;0.08709;0.647002;0.852550;0.062433
4000000;10;1.030;0.10301;0.511360;0.717864;0.062543
4000000;10;1.013;0.10133;0.523334;0.729800;0.062671
4000000;10;1.020;0.10196;0.518983;0.724690;0.062580

4000000;16;0.284;0.01778;2.530147;2.716278;0.038692
4000000;16;0.428;0.02676;1.697050;1.881410;0.038784
4000000;16;0.268;0.01672;2.795779;2.981181;0.038407
4000000;16;0.283;0.01767;2.886575;3.071632;0.038013
4000000;16;0.319;0.01995;2.264297;2.449002;0.038522

4000000;20;0.270;0.01350;2.764361;2.941491;0.030766
4000000;20;0.241;0.01207;3.026818;3.203314;0.030300
4000000;20;0.252;0.01262;2.929500;3.106207;0.030532
4000000;20;0.335;0.01675;2.190604;2.364868;0.029918
4000000;20;0.339;0.01694;2.135712;2.311186;0.030041

8000000;2;1.087;0.54335;0.485508;1.420608;0.736681
8000000;2;1.080;0.54010;0.484889;1.423334;0.733840
8000000;2;1.079;0.53952;0.492647;1.426075;0.734628
8000000;2;1.092;0.54585;0.477513;1.409132;0.733690
8000000;2;1.086;0.54295;0.478729;1.411530;0.731802

8000000;4;1.038;0.25951;0.870071;1.494187;0.349585
8000000;4;1.058;0.26451;0.843102;1.463911;0.348838
8000000;4;1.061;0.26514;0.842120;1.463037;0.349445
8000000;4;1.060;0.26509;0.840875;1.461872;0.349354
8000000;4;1.055;0.26385;0.848371;1.473219;0.350406

8000000;8;1.114;0.13926;0.919450;1.381925;0.166380
8000000;8;1.113;0.13912;0.920272;1.381778;0.166186
8000000;8;1.119;0.13983;0.915735;1.377387;0.166702
8000000;8;1.085;0.13566;0.957182;1.420465;0.166639
8000000;8;1.110;0.13873;0.924486;1.387024;0.166420

8000000;10;1.120;0.11201;0.943936;1.373128;0.130307
8000000;10;1.118;0.11184;0.946523;1.374519;0.130351
8000000;10;1.112;0.11118;0.954460;1.384261;0.130433
8000000;10;1.127;0.11273;0.938788;1.365957;0.130523
8000000;10;1.123;0.11226;0.940616;1.370375;0.130363

8000000;16;1.074;0.06715;1.059692;1.434786;0.079111
8000000;16;1.077;0.06732;1.057468;1.434058;0.079348
8000000;16;1.060;0.06627;1.075086;1.453252;0.079131
8000000;16;1.058;0.06614;1.081468;1.457967;0.079256
8000000;16;1.083;0.06766;1.050400;1.426523;0.079066

8000000;20;1.040;0.05199;1.126196;1.483371;0.061805
8000000;20;1.057;0.05286;1.101320;1.459170;0.061864
8000000;20;1.042;0.05209;1.121951;1.479987;0.061870
8000000;20;1.061;0.05306;1.095578;1.454865;0.061951
8000000;20;1.053;0.05264;1.105847;1.463417;0.061914
